labels 1 -1
1 0.648675 0.351325
1 0.64422 0.35578
1 0.640248 0.359752
1 0.643178 0.356822
1 0.64516 0.35484
1 0.642807 0.357193
1 0.645796 0.354204
1 0.644369 0.355631
1 0.646038 0.353962
1 0.645 0.355
1 0.643972 0.356028
1 0.646446 0.353554
1 0.645096 0.354904
1 0.644735 0.355265
1 0.645014 0.354986
1 0.6402 0.3598
1 0.647366 0.352634
1 0.642422 0.357578
1 0.643409 0.356591
1 0.636553 0.363447
1 0.643969 0.356031
1 0.640545 0.359455
1 0.640636 0.359364
1 0.640586 0.359414
1 0.646092 0.353908
1 0.637625 0.362375
1 0.645044 0.354956
1 0.646902 0.353098
1 0.641703 0.358297
1 0.64436 0.35564
1 0.646679 0.353321
1 0.643625 0.356375
1 0.642601 0.357399
1 0.6423 0.3577
1 0.645832 0.354168
1 0.645318 0.354682
1 0.640761 0.359239
1 0.641529 0.358471
1 0.640369 0.359631
1 0.64274 0.35726
1 0.644306 0.355694
1 0.636612 0.363388
1 0.643144 0.356856
1 0.640584 0.359416
1 0.640032 0.359968
1 0.642178 0.357822
1 0.640578 0.359422
1 0.641209 0.358791
1 0.645785 0.354215
1 0.643703 0.356297
1 0.640522 0.359478
1 0.636982 0.363018
1 0.642745 0.357255
1 0.642018 0.357982
1 0.642106 0.357894
1 0.641042 0.358958
1 0.643889 0.356111
1 0.640075 0.359925
1 0.642456 0.357544
1 0.632041 0.367959
1 0.645196 0.354804
1 0.64575 0.35425
1 0.639644 0.360356
1 0.639926 0.360074
1 0.6395 0.3605
1 0.644627 0.355373
1 0.646312 0.353688
1 0.644404 0.355596
1 0.644253 0.355747
1 0.649159 0.350841
1 0.642189 0.357811
1 0.643346 0.356654
1 0.638454 0.361546
1 0.646238 0.353762
1 0.644084 0.355916
1 0.642611 0.357389
1 0.645283 0.354717
1 0.643722 0.356278
1 0.641161 0.358839
1 0.640186 0.359814
1 0.64691 0.35309
1 0.641025 0.358975
1 0.64424 0.35576
1 0.638672 0.361328
1 0.646146 0.353854
1 0.642925 0.357075
1 0.638661 0.361339
1 0.64323 0.35677
1 0.644532 0.355468
1 0.642037 0.357963
1 0.644512 0.355488
1 0.648362 0.351638
1 0.639218 0.360782
1 0.647164 0.352836
1 0.645462 0.354538
1 0.639032 0.360968
1 0.640627 0.359373
1 0.644078 0.355922
1 0.64654 0.35346
1 0.643908 0.356092
1 0.643966 0.356034
1 0.643604 0.356396
1 0.643361 0.356639
1 0.636445 0.363555
1 0.638361 0.361639
1 0.642301 0.357699
1 0.645052 0.354948
1 0.646883 0.353117
1 0.646028 0.353972
1 0.639457 0.360543
1 0.647558 0.352442
1 0.641771 0.358229
1 0.645486 0.354514
1 0.637532 0.362468
1 0.643145 0.356855
1 0.640892 0.359108
1 0.648611 0.351389
1 0.644598 0.355402
1 0.637041 0.362959
1 0.642622 0.357378
1 0.646495 0.353505
1 0.630382 0.369618
1 0.644309 0.355691
1 0.642707 0.357293
1 0.646985 0.353015
1 0.64219 0.35781
1 0.643797 0.356203
1 0.647271 0.352729
1 0.642279 0.357721
1 0.646727 0.353273
1 0.640486 0.359514
1 0.644295 0.355705
1 0.641983 0.358017
1 0.645534 0.354466
1 0.643805 0.356195
1 0.636262 0.363738
1 0.64003 0.35997
1 0.638661 0.361339
1 0.64352 0.35648
1 0.64328 0.35672
1 0.637239 0.362761
1 0.643296 0.356704
1 0.638965 0.361035
1 0.64475 0.35525
1 0.645914 0.354086
1 0.642799 0.357201
1 0.644733 0.355267
1 0.647983 0.352017
1 0.642983 0.357017
1 0.645218 0.354782
1 0.645192 0.354808
1 0.646703 0.353297
1 0.646127 0.353873
1 0.645012 0.354988
1 0.646366 0.353634
1 0.643422 0.356578
1 0.643192 0.356808
1 0.645857 0.354143
1 0.647481 0.352519
1 0.646599 0.353401
1 0.641547 0.358453
1 0.639762 0.360238
1 0.639241 0.360759
1 0.642839 0.357161
1 0.635119 0.364881
1 0.640856 0.359144
1 0.644307 0.355693
1 0.647156 0.352844
1 0.638044 0.361956
1 0.645002 0.354998
1 0.645059 0.354941
1 0.643175 0.356825
1 0.642154 0.357846
1 0.643091 0.356909
1 0.644956 0.355044
1 0.644046 0.355954
1 0.641762 0.358238
1 0.638018 0.361982
1 0.643141 0.356859
1 0.642572 0.357428
1 0.636963 0.363037
1 0.645394 0.354606
1 0.641055 0.358945
1 0.645187 0.354813
1 0.636185 0.363815
1 0.642595 0.357405
1 0.648736 0.351264
1 0.646924 0.353076
1 0.639314 0.360686
1 0.647692 0.352308
1 0.645021 0.354979
1 0.647158 0.352842
1 0.642326 0.357674
1 0.636561 0.363439
1 0.644034 0.355966
1 0.639126 0.360874
1 0.642714 0.357286
1 0.646554 0.353446
1 0.638754 0.361246
1 0.641824 0.358176
1 0.64564 0.35436
1 0.638917 0.361083
1 0.640638 0.359362
1 0.644055 0.355945
1 0.645064 0.354936
1 0.643104 0.356896
1 0.640265 0.359735
1 0.640664 0.359336
1 0.646022 0.353978
1 0.646548 0.353452
1 0.643545 0.356455
1 0.638552 0.361448
1 0.6441 0.3559
1 0.645615 0.354385
1 0.643307 0.356693
1 0.646182 0.353818
1 0.646074 0.353926
1 0.642539 0.357461
1 0.646758 0.353242
1 0.639184 0.360816
1 0.641617 0.358383
1 0.642946 0.357054
1 0.647021 0.352979
1 0.638361 0.361639
1 0.647744 0.352256
1 0.640693 0.359307
1 0.645698 0.354302
1 0.644944 0.355056
1 0.645498 0.354502
1 0.647958 0.352042
1 0.647 0.353
1 0.64255 0.35745
1 0.646593 0.353407
1 0.641667 0.358333
1 0.639877 0.360123
1 0.647509 0.352491
1 0.6406 0.3594
1 0.645352 0.354648
1 0.637656 0.362344
1 0.647166 0.352834
1 0.643294 0.356706
1 0.645431 0.354569
1 0.642978 0.357022
1 0.645679 0.354321
1 0.644633 0.355367
1 0.639563 0.360437
1 0.643957 0.356043
1 0.642979 0.357021
1 0.643457 0.356543
1 0.646443 0.353557
1 0.643969 0.356031
1 0.64689 0.35311
1 0.643914 0.356086
1 0.640504 0.359496
1 0.640315 0.359685
1 0.642345 0.357655
1 0.642031 0.357969
1 0.643239 0.356761
1 0.642434 0.357566
1 0.6385 0.3615
1 0.641698 0.358302
1 0.640294 0.359706
1 0.639962 0.360038
1 0.642564 0.357436
1 0.640519 0.359481
1 0.641175 0.358825
1 0.642431 0.357569
1 0.644634 0.355366
1 0.642351 0.357649
1 0.644509 0.355491
1 0.647367 0.352633
1 0.647815 0.352185
1 0.642751 0.357249
1 0.642156 0.357844
1 0.641648 0.358352
1 0.64139 0.35861
1 0.643513 0.356487
1 0.640807 0.359193
1 0.641572 0.358428
1 0.643944 0.356056
1 0.64218 0.35782
1 0.641666 0.358334
1 0.637363 0.362637
1 0.642467 0.357533
1 0.644605 0.355395
1 0.644217 0.355783
1 0.643834 0.356166
1 0.639137 0.360863
1 0.644982 0.355018
1 0.642423 0.357577
1 0.641798 0.358202
1 0.64661 0.35339
1 0.643574 0.356426
1 0.646957 0.353043
1 0.64479 0.35521
1 0.645512 0.354488
1 0.64096 0.35904
1 0.64471 0.35529
1 0.644309 0.355691
1 0.641566 0.358434
1 0.644439 0.355561
1 0.644079 0.355921
1 0.644805 0.355195
1 0.638099 0.361901
1 0.648361 0.351639
1 0.641257 0.358743
1 0.642732 0.357268
1 0.644376 0.355624
1 0.641579 0.358421
1 0.646751 0.353249
1 0.643996 0.356004
1 0.644492 0.355508
1 0.64158 0.35842
1 0.644453 0.355547
1 0.642571 0.357429
1 0.645601 0.354399
1 0.643983 0.356017
1 0.64576 0.35424
1 0.645127 0.354873
1 0.641884 0.358116
1 0.640796 0.359204
1 0.639868 0.360132
1 0.646473 0.353527
1 0.645079 0.354921
1 0.64172 0.35828
1 0.645819 0.354181
1 0.643007 0.356993
1 0.639244 0.360756
1 0.64511 0.35489
1 0.646181 0.353819
1 0.646434 0.353566
1 0.644897 0.355103
1 0.640888 0.359112
1 0.645243 0.354757
1 0.644857 0.355143
1 0.643825 0.356175
1 0.63925 0.36075
1 0.643813 0.356187
1 0.642188 0.357812
1 0.639382 0.360618
1 0.643847 0.356153
1 0.639359 0.360641
1 0.645795 0.354205
1 0.640501 0.359499
1 0.637913 0.362087
1 0.646396 0.353604
1 0.639885 0.360115
1 0.644486 0.355514
1 0.643911 0.356089
1 0.641035 0.358965
1 0.63795 0.36205
1 0.643237 0.356763
1 0.642943 0.357057
1 0.642138 0.357862
1 0.638708 0.361292
1 0.642346 0.357654
1 0.64181 0.35819
1 0.645017 0.354983
1 0.641932 0.358068
1 0.636624 0.363376
1 0.643409 0.356591
1 0.647139 0.352861
1 0.644543 0.355457
1 0.639085 0.360915
1 0.641 0.359
1 0.643931 0.356069
1 0.646078 0.353922
1 0.64512 0.35488
1 0.645352 0.354648
1 0.639558 0.360442
1 0.639334 0.360666
1 0.641183 0.358817
1 0.643781 0.356219
1 0.638799 0.361201
1 0.64655 0.35345
1 0.64567 0.35433
1 0.646346 0.353654
1 0.640511 0.359489
1 0.641414 0.358586
1 0.639448 0.360552
1 0.639493 0.360507
1 0.640438 0.359562
1 0.641608 0.358392
1 0.643814 0.356186
1 0.642863 0.357137
1 0.639537 0.360463
1 0.644569 0.355431
1 0.64395 0.35605
1 0.64146 0.35854
1 0.644868 0.355132
1 0.647248 0.352752
1 0.64167 0.35833
1 0.637685 0.362315
1 0.644227 0.355773
1 0.643503 0.356497
1 0.640539 0.359461
1 0.645794 0.354206
1 0.642621 0.357379
1 0.64577 0.35423
1 0.639227 0.360773
1 0.641335 0.358665
1 0.643882 0.356118
1 0.637728 0.362272
1 0.643373 0.356627
1 0.647298 0.352702
1 0.644346 0.355654
1 0.638825 0.361175
1 0.644069 0.355931
1 0.642368 0.357632
1 0.646376 0.353624
1 0.640626 0.359374
1 0.639632 0.360368
1 0.646433 0.353567
1 0.643647 0.356353
1 0.64183 0.35817
1 0.643868 0.356132
